;Opening Price;Highest Price;Lower Price;Closing Price;Volume;Price Balance;Price
Opening Price;1.0;0.9997022402193538;0.9998636112961108;0.9998468439320523;-0.018334770223395587;-0.521245359291029;0.9984811432547501
Highest Price;0.9997022402193538;1.0;0.9998456940724433;0.9998634036617452;-0.020850020324786035;-0.5057652063167296;0.9987976515071464
Lower Price;0.9998636112961108;0.9998456940724433;1.0;0.999786823052229;-0.01501250600819675;-0.5174513596257087;0.9986243493606741
Closing Price;0.9998468439320523;0.9998634036617452;0.999786823052229;1.0;-0.024138210772927188;-0.5062299641973605;0.9986432512958356
Volume;-0.018334770223395587;-0.020850020324786035;-0.01501250600819675;-0.024138210772927188;1.0;-0.273573346277253;-0.02146253421094978
Price Balance;-0.521245359291029;-0.5057652063167296;-0.5174513596257087;-0.5062299641973605;-0.273573346277253;1.0;-0.5050917732824229
Price;0.9984811432547501;0.9987976515071464;0.9986243493606741;0.9986432512958356;-0.02146253421094978;-0.5050917732824229;1.0
