;Opening Price;Highest Price;Lower Price;Closing Price;Volume;Price Balance;Trend
Opening Price;1.0;0.9997022402193538;0.9998636112961108;0.9998468439320523;-0.018334770223395587;-0.521245359291029;-0.04008711957051387
Highest Price;0.9997022402193538;1.0;0.9998456940724433;0.9998634036617452;-0.020850020324786035;-0.5057652063167296;-0.04009237201136719
Lower Price;0.9998636112961108;0.9998456940724433;1.0;0.999786823052229;-0.01501250600819675;-0.5174513596257087;-0.039995877505631175
Closing Price;0.9998468439320523;0.9998634036617452;0.999786823052229;1.0;-0.024138210772927188;-0.5062299641973605;-0.04023354381157608
Volume;-0.018334770223395587;-0.020850020324786035;-0.01501250600819675;-0.024138210772927188;1.0;-0.273573346277253;-0.02464710607709344
Price Balance;-0.521245359291029;-0.5057652063167296;-0.5174513596257087;-0.5062299641973605;-0.273573346277253;1.0;0.01345575100710641
Trend;-0.04008711957051387;-0.04009237201136719;-0.039995877505631175;-0.04023354381157608;-0.02464710607709344;0.01345575100710641;1.0
