;Opening Price;Highest Price;Lower Price;Closing Price;Volume;Price Balance;Trend
Opening Price;1.0;0.9997267307055341;0.9999077751139247;0.9998568521031351;-0.41936701967356377;-0.5261058158608959;-0.0723275129915953
Highest Price;0.9997267307055341;1.0;0.9998540343808273;0.9998676015540904;-0.42112431371928133;-0.5116886203276769;-0.07274826580131387
Lower Price;0.9999077751139247;0.9998540343808273;1.0;0.9998144129874218;-0.41573430456058735;-0.5235556194463233;-0.07236100184741644
Closing Price;0.9998568521031351;0.9998676015540904;0.9998144129874218;1.0;-0.425628083672114;-0.5116416923920128;-0.07241248438690322
Volume;-0.41936701967356377;-0.42112431371928133;-0.41573430456058735;-0.425628083672114;1.0;-0.09708042986203524;0.004325645287774345
Price Balance;-0.5261058158608959;-0.5116886203276769;-0.5235556194463233;-0.5116416923920128;-0.09708042986203524;1.0;0.03326068935608353
Trend;-0.0723275129915953;-0.07274826580131387;-0.07236100184741644;-0.07241248438690322;0.004325645287774345;0.03326068935608353;1.0
