;Opening Price;Highest Price;Lower Price;Closing Price;Volume;Price Balance;Price
Opening Price;1.0;0.9997397922770428;0.9999199436871258;0.999867275236704;-0.4348749893864432;-0.4706147837729728;0.9986215522795023
Highest Price;0.9997397922770428;1.0;0.9998541846542793;0.9998895303765535;-0.4377517393260649;-0.45519670726110195;0.9988652355816318
Lower Price;0.9999199436871258;0.9998541846542793;1.0;0.9998389850402005;-0.432265590392927;-0.46777415884282897;0.9987564514831012
Closing Price;0.999867275236704;0.9998895303765535;0.9998389850402005;1.0;-0.4409532585995502;-0.4561771864391035;0.9987523049741268
Volume;-0.4348749893864432;-0.4377517393260649;-0.432265590392927;-0.4409532585995502;1.0;-0.12765131300705782;-0.43705180272667604
Price Balance;-0.4706147837729728;-0.45519670726110195;-0.46777415884282897;-0.4561771864391035;-0.12765131300705782;1.0;-0.45570668746772064
Price;0.9986215522795023;0.9988652355816318;0.9987564514831012;0.9987523049741268;-0.43705180272667604;-0.45570668746772064;1.0
