;Opening Price;Highest Price;Lower Price;Closing Price;Volume;Price Balance;Trend
Opening Price;1.0;0.9997397922770428;0.9999199436871258;0.999867275236704;-0.4348749893864432;-0.4706147837729728;0.01464508337462352
Highest Price;0.9997397922770428;1.0;0.9998541846542793;0.9998895303765535;-0.4377517393260649;-0.45519670726110195;0.014782907823988547
Lower Price;0.9999199436871258;0.9998541846542793;1.0;0.9998389850402005;-0.432265590392927;-0.46777415884282897;0.014922401346083816
Closing Price;0.999867275236704;0.9998895303765535;0.9998389850402005;1.0;-0.4409532585995502;-0.4561771864391035;0.01462825693506896
Volume;-0.4348749893864432;-0.4377517393260649;-0.432265590392927;-0.4409532585995502;1.0;-0.12765131300705782;0.0006856723104370216
Price Balance;-0.4706147837729728;-0.45519670726110195;-0.46777415884282897;-0.4561771864391035;-0.12765131300705782;1.0;-0.00769820153916625
Trend;0.01464508337462352;0.014782907823988547;0.014922401346083816;0.01462825693506896;0.0006856723104370216;-0.00769820153916625;1.0
