;Opening Price;Highest Price;Lower Price;Closing Price;Volume;Price Balance;Price
Opening Price;1.0;0.9996486766285837;0.9998834027019968;0.9998281311823614;-0.3280353323715347;-0.34528396916659637;0.9981103115620912
Highest Price;0.9996486766285837;1.0;0.9998123765398814;0.999838755852426;-0.3305379178182857;-0.32684321565780095;0.9984435791157409
Lower Price;0.9998834027019968;0.9998123765398814;1.0;0.9997785213140681;-0.32355089543548926;-0.3418536922990245;0.9983052294828347
Closing Price;0.9998281311823614;0.999838755852426;0.9997785213140681;1.0;-0.3359033407608733;-0.32782546280089286;0.9982567587578611
Volume;-0.3280353323715347;-0.3305379178182857;-0.32355089543548926;-0.3359033407608733;1.0;-0.2878823434630455;-0.32757837214989477
Price Balance;-0.34528396916659637;-0.32684321565780095;-0.3418536922990245;-0.32782546280089286;-0.2878823434630455;1.0;-0.3285341640590115
Price;0.9981103115620912;0.9984435791157409;0.9983052294828347;0.9982567587578611;-0.32757837214989477;-0.3285341640590115;1.0
