;Opening Price;Highest Price;Lower Price;Closing Price;Volume;Price Balance;Trend
Opening Price;1.0;0.9996486766285837;0.9998834027019968;0.9998281311823614;-0.3280353323715347;-0.34528396916659637;-0.01059024845104095
Highest Price;0.9996486766285837;1.0;0.9998123765398814;0.999838755852426;-0.3305379178182857;-0.32684321565780095;-0.01028234028637818
Lower Price;0.9998834027019968;0.9998123765398814;1.0;0.9997785213140681;-0.32355089543548926;-0.3418536922990245;-0.010216226834843814
Closing Price;0.9998281311823614;0.999838755852426;0.9997785213140681;1.0;-0.3359033407608733;-0.32782546280089286;-0.010630361528612336
Volume;-0.3280353323715347;-0.3305379178182857;-0.32355089543548926;-0.3359033407608733;1.0;-0.2878823434630455;0.0281536439017765
Price Balance;-0.34528396916659637;-0.32684321565780095;-0.3418536922990245;-0.32782546280089286;-0.2878823434630455;1.0;0.0015339034792065758
Trend;-0.01059024845104095;-0.01028234028637818;-0.010216226834843814;-0.010630361528612336;0.0281536439017765;0.0015339034792065758;1.0
