;Opening Price;Highest Price;Lower Price;Closing Price;Volume;Price Balance;Trend
Opening Price;1.0;0.9995724663152165;0.9998628543697383;0.9998024883677742;-0.6046545734478115;-0.2834829615900738;-0.018458786435790447
Highest Price;0.9995724663152165;1.0;0.9997692769528321;0.9998058892638692;-0.6063588865906273;-0.2625722336019366;-0.018563945081251847
Lower Price;0.9998628543697383;0.9997692769528321;1.0;0.9997457457182852;-0.6016792728879822;-0.27956575783144305;-0.018080609009630683
Closing Price;0.9998024883677742;0.9998058892638692;0.9997457457182852;1.0;-0.6096855587127837;-0.26436805395972707;-0.018956694147348477
Volume;-0.6046545734478115;-0.6063588865906273;-0.6016792728879822;-0.6096855587127837;1.0;-0.07711016672477443;0.013151876679826814
Price Balance;-0.2834829615900738;-0.2625722336019366;-0.27956575783144305;-0.26436805395972707;-0.07711016672477443;1.0;-0.01896838280388183
Trend;-0.018458786435790447;-0.018563945081251847;-0.018080609009630683;-0.018956694147348477;0.013151876679826814;-0.01896838280388183;1.0
