;Opening Price;Highest Price;Lower Price;Closing Price;Volume;Price Balance;Price
Opening Price;1.0;0.9996294021828845;0.9998744840705166;0.9998167901591599;-0.29735965062928504;-0.42673292682208275;0.998146968703874
Highest Price;0.9996294021828845;1.0;0.9998045443402266;0.999820518269245;-0.29951165705419225;-0.4088919630415999;0.9984525342038969
Lower Price;0.9998744840705166;0.9998045443402266;1.0;0.9997598417454339;-0.29237630377258167;-0.4234407966216813;0.9983473912102508
Closing Price;0.9998167901591599;0.999820518269245;0.9997598417454339;1.0;-0.30564842966004946;-0.40934385721500743;0.9982441055080886
Volume;-0.29735965062928504;-0.29951165705419225;-0.29237630377258167;-0.30564842966004946;1.0;-0.267306304555357;-0.2960605847919517
Price Balance;-0.42673292682208275;-0.4088919630415999;-0.4234407966216813;-0.40934385721500743;-0.267306304555357;1.0;-0.41271249366464063
Price;0.998146968703874;0.9984525342038969;0.9983473912102508;0.9982441055080886;-0.2960605847919517;-0.41271249366464063;1.0
