;Opening Price;Highest Price;Lower Price;Closing Price;Volume;Price Balance;Trend
Opening Price;1.0;0.9996294021828845;0.9998744840705166;0.9998167901591599;-0.29735965062928504;-0.42673292682208275;-0.041914610145335075
Highest Price;0.9996294021828845;1.0;0.9998045443402266;0.999820518269245;-0.29951165705419225;-0.4088919630415999;-0.04165024090559846
Lower Price;0.9998744840705166;0.9998045443402266;1.0;0.9997598417454339;-0.29237630377258167;-0.4234407966216813;-0.04154011395716313
Closing Price;0.9998167901591599;0.999820518269245;0.9997598417454339;1.0;-0.30564842966004946;-0.40934385721500743;-0.04232942754985198
Volume;-0.29735965062928504;-0.29951165705419225;-0.29237630377258167;-0.30564842966004946;1.0;-0.267306304555357;0.025945746678073648
Price Balance;-0.42673292682208275;-0.4088919630415999;-0.4234407966216813;-0.40934385721500743;-0.267306304555357;1.0;-0.0020756317009974572
Trend;-0.041914610145335075;-0.04165024090559846;-0.04154011395716313;-0.04232942754985198;0.025945746678073648;-0.0020756317009974572;1.0
