;Opening Price;Highest Price;Lower Price;Closing Price;Volume;Price Balance;Price
Opening Price;1.0;0.9992687108976683;0.9997399373745632;0.9996538524875477;-0.09663941118231127;-0.22848611939857846;0.9965258490354835
Highest Price;0.9992687108976683;1.0;0.9996402032392411;0.9996891418148635;-0.09889775635235251;-0.19996190869708377;0.997160010011987
Lower Price;0.9997399373745632;0.9996402032392411;1.0;0.9996134948857807;-0.08956078239141897;-0.2203000593582371;0.9969371365425159
Closing Price;0.9996538524875477;0.9996891418148635;0.9996134948857807;1.0;-0.10648861548856686;-0.20279376003534613;0.9968701269022495
Volume;-0.09663941118231127;-0.09889775635235251;-0.08956078239141897;-0.10648861548856686;1.0;-0.34361728965842653;-0.09691304967908
Price Balance;-0.22848611939857846;-0.19996190869708377;-0.2203000593582371;-0.20279376003534613;-0.34361728965842653;1.0;-0.20218830521504833
Price;0.9965258490354835;0.997160010011987;0.9969371365425159;0.9968701269022495;-0.09691304967908;-0.20218830521504833;1.0
