;Opening Price;Highest Price;Lower Price;Closing Price;Volume;Price Balance;Price
Opening Price;1.0;0.9997263418799003;0.9999027343803347;0.9998792371458326;-0.11012349242207986;-0.46133220078873133;0.9986606465451551
Highest Price;0.9997263418799003;1.0;0.9998648806751625;0.9998589787673481;-0.11188652368952964;-0.4467410367263462;0.9988706101184426
Lower Price;0.9999027343803347;0.9998648806751625;1.0;0.999837278477802;-0.10586505300191096;-0.45813047942882684;0.9988164834569658
Closing Price;0.9998792371458326;0.9998589787673481;0.999837278477802;1.0;-0.11697596176343251;-0.4474884166117852;0.9987164674330613
Volume;-0.11012349242207986;-0.11188652368952964;-0.10586505300191096;-0.11697596176343251;1.0;-0.3411689420186114;-0.10941568205216406
Price Balance;-0.46133220078873133;-0.4467410367263462;-0.45813047942882684;-0.4474884166117852;-0.3411689420186114;1.0;-0.4506422342887094
Price;0.9986606465451551;0.9988706101184426;0.9988164834569658;0.9987164674330613;-0.10941568205216406;-0.4506422342887094;1.0
