;Opening Price;Highest Price;Lower Price;Closing Price;Volume;Price Balance;Trend
Opening Price;1.0;0.9997263418799003;0.9999027343803347;0.9998792371458326;-0.11012349242207986;-0.46133220078873133;-0.0629829664492849
Highest Price;0.9997263418799003;1.0;0.9998648806751625;0.9998589787673481;-0.11188652368952964;-0.4467410367263462;-0.06411793026110191
Lower Price;0.9999027343803347;0.9998648806751625;1.0;0.999837278477802;-0.10586505300191096;-0.45813047942882684;-0.06297908985425665
Closing Price;0.9998792371458326;0.9998589787673481;0.999837278477802;1.0;-0.11697596176343251;-0.4474884166117852;-0.06421159582750112
Volume;-0.11012349242207986;-0.11188652368952964;-0.10586505300191096;-0.11697596176343251;1.0;-0.3411689420186114;0.05442637580983667
Price Balance;-0.46133220078873133;-0.4467410367263462;-0.45813047942882684;-0.4474884166117852;-0.3411689420186114;1.0;-0.04152164278037844
Trend;-0.0629829664492849;-0.06411793026110191;-0.06297908985425665;-0.06421159582750112;0.05442637580983667;-0.04152164278037844;1.0
