;Opening Price;Highest Price;Lower Price;Closing Price;Volume;Price Balance;Price
Opening Price;1.0;0.9969772846346099;0.9988899094848485;0.9986464167718685;-0.32335270643298375;-0.07720674032498659;0.9830354738244013
Highest Price;0.9969772846346099;1.0;0.9985817997072698;0.9986765857528178;-0.32584691505708874;-0.018532157804744948;0.9860497353052081
Lower Price;0.9988899094848485;0.9985817997072698;1.0;0.9984519904734313;-0.30687711272849677;-0.05959780013383621;0.9848395192938704
Closing Price;0.9986464167718685;0.9986765857528178;0.9984519904734313;1.0;-0.34431308679329603;-0.025244659490802835;0.9846565735557011
Volume;-0.32335270643298375;-0.32584691505708874;-0.30687711272849677;-0.34431308679329603;1.0;-0.38520677091539535;-0.3221580118539773
Price Balance;-0.07720674032498659;-0.018532157804744948;-0.05959780013383621;-0.025244659490802835;-0.38520677091539535;1.0;-0.019316509239653907
Price;0.9830354738244013;0.9860497353052081;0.9848395192938704;0.9846565735557011;-0.3221580118539773;-0.019316509239653907;1.0
