;Opening Price;Highest Price;Lower Price;Closing Price;Volume;Price Balance;Trend
Opening Price;1.0;0.9969772846346099;0.9988899094848485;0.9986464167718685;-0.32335270643298375;-0.07720674032498659;-0.06144263692461408
Highest Price;0.9969772846346099;1.0;0.9985817997072698;0.9986765857528178;-0.32584691505708874;-0.018532157804744948;-0.06217257445876753
Lower Price;0.9988899094848485;0.9985817997072698;1.0;0.9984519904734313;-0.30687711272849677;-0.05959780013383621;-0.062125667720918154
Closing Price;0.9986464167718685;0.9986765857528178;0.9984519904734313;1.0;-0.34431308679329603;-0.025244659490802835;-0.06204927323424568
Volume;-0.32335270643298375;-0.32584691505708874;-0.30687711272849677;-0.34431308679329603;1.0;-0.38520677091539535;-0.004559708647773675
Price Balance;-0.07720674032498659;-0.018532157804744948;-0.05959780013383621;-0.025244659490802835;-0.38520677091539535;1.0;-0.008478818539291402
Trend;-0.06144263692461408;-0.06217257445876753;-0.062125667720918154;-0.06204927323424568;-0.004559708647773675;-0.008478818539291402;1.0
