;Opening Price;Highest Price;Lower Price;Closing Price;Volume;Price Balance;Trend
Opening Price;1.0;0.999212671143987;0.9997157765760879;0.9996330581897191;-0.08181024051594532;-0.25786687671646513;-0.01633105904061255
Highest Price;0.999212671143987;1.0;0.9996287257763758;0.9996739376884526;-0.08365227811824254;-0.228133229627047;-0.01796798344367164
Lower Price;0.9997157765760879;0.9996287257763758;1.0;0.9996276290837374;-0.07520622866167073;-0.2478531378093412;-0.01705897186998927
Closing Price;0.9996330581897191;0.9996739376884526;0.9996276290837374;1.0;-0.09135343648943602;-0.2316005504501968;-0.017822267638283568
Volume;-0.08181024051594532;-0.08365227811824254;-0.07520622866167073;-0.09135343648943602;1.0;-0.3203658123080036;0.01254685115457299
Price Balance;-0.25786687671646513;-0.228133229627047;-0.2478531378093412;-0.2316005504501968;-0.3203658123080036;1.0;-0.04919163671023283
Trend;-0.01633105904061255;-0.01796798344367164;-0.01705897186998927;-0.017822267638283568;0.01254685115457299;-0.04919163671023283;1.0
